	name: "White"
	price: 260
	unlock: 0
	base_color: (0.830700, 0.830700, 0.830700)
	part_type: aftermarket