SiiNunit
{
ferry_connection : conn.helsinki.gdansk_89 {
	price: 3000
	time: 1762
	distance : 812
	
	connection_positions[0]: (10554674, 0, -13187056)
	connection_positions[1]: (7889700, 0, -5847150)			# ~30940/-22930
	connection_positions[2]: (7669125, 0, -5504175)			# ~30075/-21585
		
	connection_directions[0]: (-0.970459, 0.000000, 0.241265)
	connection_directions[1]: (0.000000, 0.000000, 1.000000)
	connection_directions[2]: (0.000000, 0.000000, 1.000000)
}
}
